NAMEchb20_29.matchb01_37.matchb09_11.matchb04_33.matchb02_26.matchb03_32.matchb21_05.matchb05_14.matchb24_08.matchb16_08.matchb02_05.matchb15_16.matchb01_43.matchb21_29.matchb12_37.matchb10_21.matchb23_10.matchb04_06.matchb16_12.matchb22_02.matchb21_11.matchb05_21.matchb19_10.matchb14_26.matchb22_11.matchb02_10.matchb22_04.matchb04_41.matchb12_40.matchb22_28.matchb22_22.matchb04_36.matchb04_03.matchb21_03.matchb06_06.matchb19_18.matchb03_27.matchb18_09.matchb15_01.matchb11_25.matchb21_30.matchb22_23.matchb14_13.matchb14_39.matchb22_26.matchb11_14.matchb19_13.matchb01_29.matchb08_18.matchb23_16.matchb20_06.matchb20_01.matchb18_27.matchb13_13.matchb09_15.matchb01_27.matchb05_12.matchb18_15.matchb04_26.matchb15_05.matchb13_14.matchb20_60.matchb22_16.matchb09_05.matchb20_59.matchb10_14.matchb08_22.matchb17a_08.matchb21_02.matchb20_03.matchb01_09.matchb21_04.matchb18_25.matchb03_33.matchb13_30.matchb09_17.matchb02_32.matchb22_05.matchb03_15.matchb13_07.matchb05_20.matchb01_10.matchb06_02.matchb19_07.matchb15_09.matchb02_08.matchb05_26.matchb15_33.matchb03_26.matchb04_22.matchb18_21.matchb08_15.matchb14_42.matchb19_22.matchb20_05.matchb02_24.matchb03_28.matchb04_29.matchb24_02.matchb03_19.matchb11_54.matchb09_04.matchb05_28.matchb21_26.matchb04_01.matchb24_10.matchb14_24.matchb19_16.matchb04_23.matchb04_19.matchb02_31.matchb13_18.matchb08_03.matchb17a_05.matchb04_30.matchb20_04.matchb22_15.matchb05_08.matchb03_29.matchb03_20.mat